0.5
5.99106
9.28043
12.0318
14.0606
15.4824
16.4066
16.9287
17.1287
17.0748
16.8235
16.4216
15.9077
15.3131
14.6643
13.9814
13.2817
12.5783
11.8816
11.1979
10.5337
9.89807
9.41942
8.74485
8.17905
7.65301
7.16222
6.70483
6.2795
5.88479
5.51938
6.47017
5.21567
4.77127
4.43288
4.14941
4.16023
3.75293
3.52475
3.33276
3.1641
3.41504
2.99932
2.96153
2.7366
2.60881
2.50301
2.95241
2.90016
3.29161
2.97989
2.77344
2.42452
2.2878
2.19416
2.12225
2.06322
2.01265
1.96798
1.92765
1.89101
1.85685
2.21178
2.1566
1.89262
1.81235
2.40452
3.92654
3.38498
2.99606
2.77973
2.83024
2.68873
2.25209
2.11172
2.2822
3.32496
2.55866
2.15647
2.13437
3.06831
2.23138
2.838
5.24174
3.00929
2.61445
2.42253
2.30872
2.23121
3.07476
16.7871
6.86438
5.34819
4.65973
4.54317
4.89404
4.64985
4.02486
4.82077
5.05553
13.8525
13.9968
7.90249
6.43081
14.3165
7.75821
6.45645
5.75301
5.29644
34.9976
13.6857
10.5498
8.54965
7.50001
19.0654
12.2072
12.4553
8.79319
7.66591
6.96106
6.98
7.86934
6.25285
10.2121
13.1326
9.32354
7.09711
6.24299
6.58788
5.53065
16.4839
35.6622
17.0814
12.1191
10.3621
9.78483
8.15481
7.66404
9.45868
13.9496
19.4398
12.3393
10.3835
15.2214
65.6975
27.9989
35.425
26.323
17.9524
15.0672
21.1686
81.534
32.2842
23.601
19.2809
77.8721
37.5612
26.0407
21.2798
18.4169
16.4273
24.1838
48.9962
53.172
54.4581
29.8893
23.769
20.6954
20.24
37.4044
38.1163
46.3363
35.9607
25.2438
21.1043
21.8475
120.262
237.637
86.2243
57.0447
42.4935
34.1326
28.6515
25.9657
24.7638
33.2203
22.5547
19.6507
18.5955
37.8487
100.841
75.2537
40.7839
33.1258
26.6741
23.0957
20.7242
72.9585
432.339
300.925
132.636
89.3546
66.808
53.5284
45.0729
39.116
34.7709
31.4677
239.344
133.042
75.002
56.6953
46.6356
40.369
376.556
736.775
270.878
261.399
145.656
106.217
87.5387
71.5816
60.9089
68.7515
122.02
67.4779
55.7341
48.9944
44.8413
40.7154
37.7592
35.2314
35.0304
31.4661
29.3564
27.6151
26.0183
107.922
62.9059
42.8264
36.2496
32.4227
37.5338
30.1724
35.4739
199.138
75.8279
55.1914
45.1839
39.3155
36.7644
44.9043
37.3027
50.6057
35.1257
31.3309
30.1356
33.6388
27.8222
25.8163
24.3591
23.1713
22.1218
21.1678
20.9347
19.6625
30.6317
22.4652
20.2619
19.0889
20.6935
18.2814
17.4106
16.7444
18.2422
19.8393
16.4894
15.506
15.7328
14.5483
13.9936
13.5543
14.7231
13.2579
22.0256
34.8789
20.7881
24.9091
28.2909
40.3275
38.1185
25.7075
27.6979
26.0367
23.0743
21.8515
20.1485
19.2405
18.5336
17.9045
17.4697
17.1056
16.9166
38.9363
33.2591
24.958
21.2434
19.6616
18.6373
17.8785
17.2492
16.6912
16.1917
15.7333
15.3064
15.7945
14.7464
18.1937
16.0583
14.6882
14.4741
13.8733
13.6161
13.0625
12.7123
12.4089
12.1337
11.8786
11.8987
12.0558
14.4232
13.1056
12.0709
11.42
11.0759
10.8187
10.6077
10.8105
10.3625
10.1637
10.0006
9.85629
9.72308
9.59994
9.48315
9.373
9.26864
9.16927
9.07439
8.98351
8.89717
8.81444
8.73522
8.65921
8.58617
8.5159
8.44822
8.38304
8.32012
8.2593
8.20045
8.14342
8.08808
8.0343
7.98198
7.93101
7.8813
7.83275
7.78529
7.73883
7.6933
7.77748
7.63923
7.5803
7.53039
7.48446
7.44082
7.39872
7.35764
7.31743
8.30865
7.51459
7.34961
7.25155
7.18076
7.12367
7.07473
7.03003
6.98865
6.94929
6.9115
6.87487
6.83849
6.80322
6.89678
6.76768
6.71755
6.67595
6.63792
6.60176
6.56695
6.53283
6.49928
6.46613
7.27344
7.72386
7.09914
6.84647
6.7495
6.68655
9.11526
12.4334
8.81705
8.21278
7.93486
7.77608
7.66752
7.69666
7.63992
10.3275
12.5105
10.2914
9.68235
9.68321
9.67131
8.7247
8.79372
9.188
9.67378
8.50861
8.17163
7.9419
7.75757
7.59734
7.45001
7.31191
7.18117
7.0561
12.4667
17.1019
21.5595
12.8091
11.3226
10.9041
20.5515
30.8741
16.955
14.3166
13.5718
12.9413
14.8474
13.047
12.9854
19.8837
13.7724
12.5309
13.3655
16.9658
13.4118
12.0906
13.8501
15.6378
12.2735
11.3949
10.816
10.3612
9.97439
9.62428
9.29241
8.98613
8.9607
9.02174
8.36466
8.05388
7.79747
7.56952
7.3638
7.17574
7.00163
6.84
6.94764
15.2758
9.14842
8.10094
7.57691
7.25346
7.28411
6.92174
6.74054
44.9461
18.3957
173.339
57.4803
84.7693
69.0812
39.048
30.8838
51.8738
67.6373
35.5633
28.2337
24.1914
21.6103
19.7914
18.2821
30.5344
21.3851
17.9026
16.1688
14.9395
13.966
14.217
13.4126
18.3035
13.4007
34.2872
19.1698
15.4254
13.5633
12.4258
11.6199
20.91
13.5006
17.1152
21.7849
15.9788
13.1274
13.6208
16.3864
12.1606
11.4174
10.4281
10.6402
9.64145
9.19468
8.84076
8.53983
8.27512
8.03403
10.0026
8.96499
7.9402
20.9549
12.4049
19.5944
11.5341
9.87638
8.81325
19.8811
12.3584
136.48
127.398
85.0707
185.846
170.245
336.708
171.951
92.0037
63.3328
47.2315
37.193
30.6098
25.8975
26.9588
22.901
23.7598
64.5807
30.8466
24.4963
22.55
59.3669
65.8359
47.5154
30.4583
83.7747
38.7745
29.8159
27.0161
25.7367
21.1423
23.9141
172.699
85.5549
50.9123
38.5481
74.992
176.323
86.3458
54.1329
56.3522
81.3861
152.953
150.29
70.3575
68.5749
146.682
73.4437
105.309
54.7816
55.4563
38.4283
32.113
31.8039
56.9631
32.66
27.303
24.4402
22.0897
30.2287
119.225
136.833
59.7979
42.8613
34.0702
28.7678
27.3188
42.0574
27.2701
23.2447
21.1085
20.7069
73.5811
33.437
26.3297
22.6641
20.5195
19.0945
19.1219
20.5191
21.8124
18.1891
20.5246
16.6271
15.4039
14.5836
14.8082
19.5028
22.5447
18.3267
25.6024
19.4334
26.7816
24.541
20.1326
18.0823
41.5557
22.4072
18.8225
16.9349
17.0242
41.4586
79.4683
49.9163
42.4189
59.5262
34.1495
27.7243
34.6201
52.1867
47.4619
36.4846
27.9438
23.7912
21.4859
19.8874
18.6529
17.7582
17.575
16.3624
15.6124
18.4657
24.0056
17.2553
15.4357
14.406
13.662
13.0662
12.558
12.1096
11.7052
12.1095
11.2104
10.8106
10.4839
10.202
9.94711
9.71778
10.2812
9.52124
9.24661
9.03559
8.85788
9.0872
8.66285
8.48555
8.34369
8.22056
8.10997
8.00905
7.91525
7.82854
8.00465
8.51236
7.84218
7.66358
7.54513
7.45297
7.37575
7.30785
7.24587
7.18865
7.13493
7.08417
7.03561
6.98869
6.94365
6.8997
6.85713
6.81568
6.77515
6.73545
7.0831
6.76189
6.67703
6.87897
7.02925
7.34301
7.80217
6.90473
6.69105
6.56737
6.61134
6.45229
6.64083
8.01555
7.63025
6.8078
6.58374
6.71109
6.94766
9.29829
8.13143
8.89037
7.53054
6.94514
6.68993
6.52715
6.40961
6.318
6.24141
6.30443
6.15095
6.07941
6.40673
6.06872
5.97086
6.15769
5.90998
5.95483
5.92602
5.7622
5.81974
5.6695
5.60534
5.55408
5.50895
5.72555
7.35484
7.02134
6.3814
6.34542
6.55419
6.72136
6.36173
5.74556
6.3237
6.01561
6.77501
8.25467
6.75727
7.01398
9.46411
11.7675
11.7196
8.83096
7.41983
6.86232
6.531
6.30976
6.14622
6.00992
8.42927
8.07507
10.9214
7.63343
6.67709
6.35045
5.9637
5.73765
5.57095
5.43659
5.32617
5.23211
5.40668
5.14373
5.04148
4.96272
4.89342
4.83169
4.77513
7.00398
11.2319
7.90228
12.8598
10.2124
7.39074
6.55201
6.06494
5.73254
5.50002
5.32285
5.31107
5.48719
18.8465
10.8691
9.1366
12.5191
9.18647
7.42182
6.98557
6.60918
17.3637
25.0586
13.5211
10.2904
9.16476
8.17518
7.47025
7.02131
6.67228
6.38261
24.1479
11.1859
8.95773
7.82924
7.12751
6.62832
24.5111
55.4695
44.4143
23.3556
16.9074
13.793
11.8814
15.8036
11.5139
12.4506
20.2512
12.3857
11.1849
43.0812
18.4641
25.6068
15.711
14.73
27.022
16.301
12.8134
11.2262
10.6888
14.7565
51.6994
50.9428
24.4383
19.3978
15.2819
13.093
11.6371
10.5858
9.75064
9.8512
9.24333
11.125
8.51784
15.9295
9.54445
8.79945
13.5527
26.6817
15.6566
11.3996
9.26933
8.04328
23.3959
26.7033
105.041
36.8488
25.5747
32.3859
21.7011
16.577
14.8717
12.7362
11.5802
10.6042
9.89774
10.9934
49.0284
28.1285
17.5904
14.1907
14.8209
13.6645
14.1104
12.678
14.2001
20.2717
42.9699
89.8491
37.873
25.1665
58.3027
52.9327
27.8341
21.4349
17.4872
15.0259
94.2109
128.616
55.0585
37.7843
28.2656
22.2607
18.7297
91.8251
38.2964
36.1906
36.4609
26.1726
19.9924
17.1173
15.1391
13.6429
12.4788
11.5331
10.7411
21.1968
29.4595
20.6542
14.3749
14.7968
11.4786
10.8457
12.0653
35.8722
17.0217
16.1606
31.4612
44.2569
56.4442
217.827
376.742
131.656
83.4982
59.7955
46.2556
38.001
32.4345
180.62
69.3114
50.1344
42.0273
69.463
53.8858
38.472
33.2424
29.5782
62.1803
36.7539
30.46
27.1081
36.9777
111.07
132.331
134.098
67.3612
51.3251
43.441
37.8001
34.1395
31.4322
29.2481
28.859
41.2903
29.7111
36.4243
165.257
149.866
185.916
505.607
544.392
218.965
145.118
107.268
85.1126
71.1536
61.6936
69.8186
110.02
65.2724
55.3218
49.3867
45.2077
42.2417
39.3074
36.9207
35.0682
32.9277
33.6116
31.1896
31.3966
29.1669
27.5357
25.3407
23.9232
22.7002
21.5986
20.5957
19.9442
18.92
18.6347
17.5354
16.809
16.1691
15.59
15.061
15.1195
14.9948
14.8403
17.2823
19.767
26.8857
18.3536
16.7359
16.0286
18.0225
18.9426
19.3097
25.3789
20.7788
20.9911
18.0188
17.1081
16.5073
16.0386
15.9863
15.3807
14.9873
15.0165
14.395
14.8336
13.9594
13.5627
13.23
12.9275
12.643
12.3751
12.1207
11.8808
11.6531
11.4372
11.2329
11.0386
10.855
10.6809
10.5165
19.6932
13.4402
12.4928
12.0502
11.7817
11.586
11.4258
12.4348
12.3953
21.0655
15.1064
13.8748
13.0916
12.6958
12.4095
12.1785
17.7456
14.1122
13.164
12.7317
12.4319
12.1804
11.9579
11.7394
11.5294
11.324
11.1224
10.9248
10.7287
10.5415
10.486
10.7295
10.1654
9.92998
11.0183
9.98336
9.70345
9.50689
10.1607
10.0932
9.40301
9.16264
8.9896
8.84759
8.72414
8.61205
8.63656
8.4451
9.76279
12.1016
9.85825
9.33477
10.1272
9.21909
8.84855
8.78543
8.54877
8.54519
8.34089
8.22679
8.12772
8.03573
7.94974
7.86653
7.78623
7.96692
11.4322
9.63518
9.68753
9.03531
9.19744
8.99397
9.55394
11.4238
9.93038
10.302
9.3453
9.82919
8.87731
9.26807
12.9663
11.0966
9.76891
9.22951
8.94351
8.73821
9.09033
8.56685
8.36952
8.21159
8.20089
10.3156
8.53622
8.15536
7.92145
7.7476
7.60412
7.47847
7.36244
24.2458
12.8248
14.712
20.3776
22.605
19.6042
20.0857
15.4798
14.148
13.409
13.2637
12.5507
25.4695
20.6144
15.6567
14.1901
13.3086
12.68
12.179
11.745
11.3565
12.0718
11.0994
10.5592
10.1738
9.84275
26.3187
20.0818
14.6705
23.4322
22.5957
47.7601
24.4705
22.6298
46.1435
26.4524
21.7405
20.0479
33.5423
31.1555
50.5686
44.0503
32.5729
38.4392
27.1493
24.0895
22.1958
20.8154
19.6686
18.669
17.7611
16.933
16.1557
16.0861
15.597
142.353
209.94
87.9129
58.0861
44.8483
37.3719
33.1265
54.8985
39.6694
31.6146
29.9913
26.7454
24.4825
48.1527
44.1751
30.7605
26.107
23.6167
22.2185
23.3795
20.3849
18.8614
17.7969
26.17
18.9272
17.2048
16.1022
16.4225
14.8774
14.1366
13.9142
13.6158
13.2287
32.1112
206.607
232.588
157.57
80.4088
57.6028
46.1096
79.3678
76.7304
46.0438
38.3888
33.1308
36.3795
139.127
123.383
62.546
47.7013
39.8314
153.623
1088.33
1123.48
416.179
259.315
176.764
130.076
101.283
84.7735
69.928
60.4122
57.0405
238.748
99.8309
74.9121
62.1449
60.9172
93.5488
86.0799
58.6493
51.9498
84.1038
56.6028
47.9723
52.3931
97.9826
262.009
169.148
96.1878
74.9239
63.7949
55.8253
50.53
46.4753
44.1286
40.7577
38.4707
65.6943
222.747
463.111
360.275
285.67
599.123
242.946
235.921
139.599
106.536
86.9226
74.2224
65.6121
59.9614
64.4796
54.389
53.067
178.971
83.3425
65.2292
56.1975
50.5207
86.2139
111.512
66.9912
55.9286
50.3283
46.6332
122.686
101.67
81.7858
113.74
70.1986
62.2981
53.6072
49.5503
46.1804
43.4906
41.2641
39.9791
38.7455
36.2906
41.8812
79.1828
46.8703
40.6051
37.5886
60.577
41.1337
37.031
34.6001
32.8761
42.7464
34.7599
31.8923
30.301
29.2257
30.0405
27.8723
134.329
122.125
68.7604
52.9136
46.288
42.2637
39.475
68.0013
83.1907
51.7575
45.511
41.6138
51.7612
65.0864
52.2463
43.1033
40.0003
37.7011
35.8505
34.7288
33.3757
31.9415
30.7635
29.6958
29.9101
28.5132
27.2062
26.2511
25.4016
42.0103
31.5534
28.5941
26.6036
25.5043
24.6772
23.9943
23.3832
22.8287
22.5681
21.8937
21.5324
20.9794
20.5404
20.1252
19.7368
19.371
19.4107
18.7985
18.439
18.1231
18.7348
19.5777
19.5747
18.1478
17.7059
17.7873
17.2573
16.993
16.7707
16.5697
16.3819
16.204
16.1621
16.0322
16.1496
15.6896
15.482
15.4382
15.3176
15.0632
15.1616
14.8318
14.67
14.5322
14.5358
14.3244
14.1976
14.084
13.9777
13.8768
13.9088
13.7209
13.7432
13.6821
