0
0.24319
0.45765
0.64516
0.808958
0.951895
1.07648
1.18492
1.27915
1.36089
1.43164
1.49272
1.5453
1.5904
1.62893
1.66168
1.68935
1.71255
1.73183
1.74757
1.76023
1.77038
1.77819
1.78381
1.78756
1.78969
1.79043
1.78996
1.78844
1.78601
1.7828
1.7789
1.77446
1.7695
1.7641
1.75831
1.75218
1.74578
1.73913
1.73227
1.72523
1.71855
1.71156
1.70441
1.69713
1.68974
1.68225
1.6756
1.66916
1.66329
1.657
1.65051
1.64384
1.63702
1.63008
1.62302
1.61588
1.60865
1.60136
1.59402
1.58663
1.57922
1.57178
1.56432
1.55686
1.54939
1.54192
1.53986
1.53676
1.53309
1.52897
1.52447
1.51965
1.51452
1.50915
1.50354
1.49797
1.49204
1.48596
1.47975
1.47584
1.47127
1.46636
1.46707
1.46621
1.46448
1.4621
1.45914
1.45568
1.45179
1.47465
1.49264
1.50663
1.51712
1.52541
1.53182
1.53651
1.5397
1.54155
1.54232
1.55866
1.58264
1.6005
1.61398
1.63296
1.64645
1.65649
1.66429
1.67021
1.70652
1.73618
1.75866
1.77584
1.78967
1.81567
1.83479
1.85679
1.87208
1.88385
1.89239
1.89869
1.90303
1.90568
1.91346
1.9259
1.93622
1.94198
1.94531
1.94683
1.94708
1.95815
1.9995
2.0332
2.06096
2.08195
2.09848
2.11041
2.11866
2.12757
2.13917
2.16215
2.17835
2.18972
2.20336
2.26488
2.31937
2.38671
2.45138
2.50151
2.54148
2.58266
2.66817
2.73961
2.79543
2.84014
2.92363
2.99593
3.05759
3.1052
3.14149
3.16776
3.1984
3.25278
3.32499
3.40776
3.47406
3.52666
3.5662
3.59696
3.64665
3.70488
3.77486
3.84346
3.89469
3.93737
3.96841
4.07002
4.22904
4.33741
4.42632
4.49647
4.55253
4.59714
4.63091
4.65591
4.68896
4.71064
4.72372
4.72917
4.75336
4.82804
4.92153
4.99275
5.05286
5.10166
5.13661
5.1619
5.22556
5.41081
5.64879
5.85976
6.03262
6.17462
6.29225
6.38608
6.45809
6.5123
6.55263
6.7015
6.87113
7.01315
7.12817
7.21679
7.28498
7.47898
7.77261
8.06778
8.34998
8.59667
8.80376
8.96958
9.10836
9.21905
9.31896
9.4568
9.57466
9.66973
9.74198
9.7957
9.8334
9.85854
9.8742
9.87987
9.87846
9.86984
9.85602
9.83747
9.91189
9.99084
10.0516
10.0973
10.1285
10.1553
10.1703
10.1843
10.3149
10.4366
10.5323
10.6032
10.6564
10.6933
10.7286
10.7506
10.7879
10.8124
10.8265
10.8315
10.8373
10.8337
10.8233
10.8073
10.7867
10.7619
10.7338
10.7027
10.6691
10.6566
10.6381
10.6144
10.5874
10.5611
10.5305
10.4973
10.462
10.4249
10.3863
10.3464
10.3053
10.2631
10.2202
10.1764
10.1321
10.0872
10.0419
10.0169
10.0224
10.0202
10.0223
10.0317
10.059
10.0919
10.1124
10.1306
10.1449
10.1489
10.1469
10.139
10.125
10.1063
10.0832
10.0569
10.0278
9.99638
10.0019
10.0162
10.0204
10.0184
10.0104
9.9967
9.97812
9.95555
9.92924
9.90044
9.86941
9.83646
9.80184
9.76579
9.73735
9.70772
9.67484
9.64015
9.60407
9.56683
9.52852
9.48932
9.44939
9.40882
9.36769
9.32611
9.2854
9.24825
9.20965
9.17039
9.1305
9.09014
9.04938
9.0083
8.96696
8.92541
8.8837
8.84188
8.79997
8.75801
8.71603
8.67406
8.63212
8.59022
8.5484
8.50665
8.46501
8.42347
8.38205
8.34076
8.2996
8.25859
8.21774
8.17703
8.13649
8.09611
8.0559
8.01586
7.97599
7.9363
7.89678
7.85745
7.81829
7.77931
7.74052
7.70191
7.66348
7.62524
7.58717
7.5493
7.5116
7.47409
7.43676
7.39961
7.36264
7.32586
7.28925
7.25283
7.21658
7.18052
7.14463
7.10892
7.07339
7.03803
7.00285
6.96784
6.93301
6.89835
6.86387
6.82955
6.79541
6.76144
6.72763
6.694
6.66053
6.62723
6.5941
6.56113
6.52833
6.49569
6.46321
6.43316
6.40568
6.37821
6.34995
6.32134
6.29251
6.26977
6.2567
6.24025
6.22226
6.2029
6.18235
6.16075
6.13762
6.11377
6.09536
6.08337
6.06785
6.05385
6.04003
6.0264
6.0095
5.99043
5.9733
5.95576
5.93572
5.91454
5.89246
5.86961
5.8461
5.82202
5.79746
5.77249
5.74718
5.73301
5.73068
5.7391
5.74081
5.7385
5.73612
5.74598
5.77341
5.79175
5.80384
5.81462
5.81765
5.82433
5.8243
5.82477
5.83463
5.83776
5.83631
5.8355
5.84046
5.83933
5.835
5.83142
5.83049
5.82441
5.81552
5.80369
5.78936
5.77294
5.75483
5.73486
5.7139
5.69209
5.66957
5.64649
5.62285
5.59875
5.57428
5.54949
5.52444
5.49919
5.47376
5.4482
5.43577
5.42034
5.40275
5.38409
5.36445
5.34401
5.32289
5.30116
5.32113
5.33573
5.44006
5.51792
5.61229
5.70403
5.76949
5.81886
5.88286
5.96211
6.01634
6.05797
6.0878
6.10787
6.11857
6.12304
6.13624
6.14021
6.13729
6.1288
6.11759
6.10411
6.08868
6.07156
6.06229
6.04788
6.05615
6.05751
6.05381
6.04451
6.0321
6.01743
6.01022
5.99728
5.98981
5.99083
5.99077
5.98314
5.97143
5.96437
5.95144
5.93535
5.91772
5.89874
5.87866
5.85752
5.83546
5.81254
5.7889
5.7647
5.73996
5.71483
5.68933
5.67808
5.66285
5.64979
5.63231
5.61256
5.59176
5.58223
5.56792
5.63244
5.72728
5.81075
5.92269
6.03093
6.1683
6.27128
6.33813
6.39175
6.42963
6.45376
6.4655
6.46797
6.47085
6.4622
6.45847
6.48195
6.49811
6.50523
6.50293
6.52908
6.57683
6.62836
6.65887
6.71935
6.75578
6.78216
6.79685
6.81475
6.81989
6.82745
6.91351
6.98538
7.02999
7.0653
7.12239
7.22175
7.29443
7.34033
7.39112
7.45454
7.54502
7.63642
7.68908
7.74943
7.83783
7.90227
7.97701
8.0194
8.06351
8.08911
8.10241
8.1158
8.14428
8.16064
8.16804
8.16781
8.16119
8.16378
8.22155
8.30229
8.34525
8.37553
8.39459
8.40424
8.40463
8.4204
8.42414
8.4215
8.41252
8.39761
8.42639
8.44425
8.45262
8.45241
8.44507
8.43219
8.41556
8.40292
8.39179
8.37303
8.36042
8.34074
8.31805
8.29275
8.26493
8.24551
8.23304
8.22008
8.21493
8.20892
8.20999
8.21393
8.207
8.19615
8.21138
8.21211
8.20726
8.19715
8.18863
8.2029
8.25152
8.29175
8.328
8.37305
8.39479
8.40938
8.43158
8.46664
8.50092
8.52881
8.53982
8.54483
8.54301
8.53501
8.52219
8.50452
8.48311
8.45917
8.43268
8.41073
8.39544
8.37389
8.34979
8.32284
8.29384
8.26313
8.23082
8.19727
8.1625
8.12684
8.09076
8.05429
8.01754
7.98057
7.94342
7.90614
7.86877
7.83132
7.79382
7.75631
7.71882
7.68138
7.64399
7.60667
7.56943
7.53229
7.49524
7.45831
7.42149
7.38481
7.34826
7.31186
7.27559
7.23947
7.20351
7.16769
7.13203
7.09653
7.06118
7.026
6.99098
6.95612
6.92143
6.8869
6.85253
6.81833
6.78429
6.75042
6.71671
6.68316
6.64978
6.61656
6.5835
6.55077
6.51812
6.48651
6.45467
6.42291
6.39125
6.3597
6.32826
6.29693
6.26573
6.23639
6.20784
6.17841
6.14892
6.11942
6.08988
6.06397
6.03808
6.01316
5.98641
5.95938
5.9321
5.90461
5.87696
5.84919
5.82137
5.79353
5.76568
5.73784
5.71003
5.68226
5.65454
5.62688
5.59929
5.57177
5.54434
5.51699
5.48974
5.46259
5.43554
5.40859
5.38176
5.35503
5.32983
5.305
5.27955
5.2541
5.22919
5.20449
5.17932
5.15417
5.12948
5.10446
5.08102
5.05969
5.0369
5.01507
4.9965
4.98268
4.97212
4.96076
4.94495
4.92812
4.91041
4.89194
4.87281
4.85288
4.83538
4.81558
4.79857
4.7792
4.75915
4.73851
4.71739
4.69589
4.67422
4.65244
4.63057
4.60866
4.5867
4.56472
4.54271
4.52072
4.49874
4.4768
4.45489
4.4349
4.42054
4.40631
4.3967
4.38807
4.37476
4.35982
4.34313
4.32501
4.30648
4.28762
4.26845
4.2491
4.24198
4.23661
4.23053
4.22663
4.21686
4.20577
4.1927
4.17804
4.17438
4.18315
4.18431
4.18284
4.17817
4.17139
4.16178
4.15031
4.13703
4.12221
4.12285
4.11803
4.11026
4.09984
4.08696
4.07211
4.07264
4.10273
4.14734
4.17052
4.18772
4.1973
4.19998
4.2074
4.20529
4.19829
4.20373
4.20132
4.19468
4.2155
4.22967
4.25197
4.26276
4.26768
4.28512
4.29299
4.29755
4.29665
4.2913
4.29018
4.31936
4.36223
4.38287
4.39455
4.40077
4.40039
4.39606
4.38882
4.3782
4.36491
4.34995
4.33312
4.31584
4.3044
4.28842
4.27085
4.25735
4.2557
4.24853
4.23926
4.22753
4.21372
4.21484
4.22783
4.28903
4.31859
4.33965
4.37345
4.39145
4.40488
4.41244
4.41615
4.41672
4.41321
4.40635
4.39618
4.41734
4.44365
4.45472
4.45938
4.45831
4.45114
4.44115
4.4296
4.4242
4.42522
4.44845
4.50835
4.54786
4.56863
4.6117
4.65889
4.6819
4.69566
4.7021
4.70149
4.74821
4.82423
4.87459
4.90249
4.9245
4.93735
4.94408
4.99423
5.03231
5.06621
5.09827
5.11203
5.1209
5.12242
5.11726
5.10638
5.09195
5.07484
5.05591
5.04578
5.04589
5.0471
5.03866
5.0272
5.01388
4.99705
4.97778
4.97515
4.96695
4.95402
4.9597
4.98336
5.02503
5.12196
5.29846
5.47126
5.6155
5.73247
5.82532
5.89837
5.95771
6.08855
6.21007
6.30914
6.38969
6.4846
6.57668
6.64935
6.70791
6.7529
6.82067
6.87461
6.91619
6.94582
6.98375
7.0811
7.2181
7.37609
7.51094
7.62277
7.71394
7.79002
7.84895
7.89322
7.92557
7.94735
7.98212
8.00589
8.03486
8.16049
8.32263
8.51464
8.79012
9.11432
9.41173
9.66619
9.87287
10.0449
10.1879
10.3043
10.414
10.552
10.669
10.7641
10.8376
10.8926
10.9332
10.962
10.9792
10.9866
10.9862
10.9849
10.9763
10.966
10.9497
10.929
10.9044
10.8758
10.8441
10.8093
10.7723
10.7334
10.6928
10.651
10.608
10.564
10.5191
10.4734
10.4271
10.381
10.3354
10.2896
10.2508
10.2219
10.2155
10.2029
10.1853
10.1635
10.1453
10.1302
10.116
10.1133
10.1076
10.1019
10.0894
10.0723
10.0512
10.0265
10.0005
9.97084
9.93878
9.9049
9.86942
9.83482
9.79804
9.75996
9.72086
9.68089
9.64004
9.59854
9.55649
9.51399
9.47111
9.42792
9.38447
9.34083
9.29703
9.25312
9.20915
9.18967
9.16649
9.14066
9.11264
9.08257
9.05082
9.01771
8.98664
8.95506
8.94419
8.9306
8.91207
8.89048
8.86603
8.83941
8.81094
8.79563
8.77801
8.7562
8.73196
8.7056
8.67739
8.64757
8.61633
8.58389
8.55043
8.51608
8.48096
8.44519
8.40886
8.37206
8.33486
8.29734
8.25954
8.22416
8.18798
8.15141
8.11455
8.07851
8.0419
8.00504
7.968
7.9308
7.89349
7.85611
7.81868
7.78124
7.7438
7.70994
7.68192
7.65235
7.62184
7.59058
7.55873
7.52635
7.49352
7.46031
7.42679
7.39301
7.35903
7.32487
7.29059
7.25622
7.22178
7.18731
7.15283
7.12876
7.10449
7.081
7.05561
7.03064
7.00404
6.97662
6.9546
6.93056
6.90734
6.88229
6.85815
6.83238
6.80658
6.79004
6.77248
6.75223
6.73045
6.70736
6.6831
6.65793
6.63197
6.60529
6.57803
6.55025
6.52476
6.49814
6.47096
6.44329
6.41524
6.38684
6.35817
6.32927
6.33781
6.34087
6.34744
6.36384
6.3885
6.41175
6.43553
6.45045
6.45923
6.46261
6.46073
6.45486
6.46864
6.48046
6.48489
6.48287
6.47715
6.46838
6.45683
6.44284
6.42679
6.41033
6.39109
6.37039
6.34843
6.32543
6.33438
6.34745
6.35291
6.37211
6.39434
6.44748
6.48933
6.52188
6.58009
6.62582
6.66021
6.68434
6.72373
6.76694
6.8315
6.90166
6.96362
7.02686
7.07565
7.11147
7.13636
7.15232
7.15997
7.16047
7.15561
7.14606
7.13329
7.11784
7.10024
7.19532
7.36196
7.50047
7.61088
7.69826
7.76487
7.81526
7.87931
7.93796
7.9804
8.0107
8.03237
8.04349
8.07414
8.11247
8.13819
8.15447
8.16139
8.16005
8.15395
8.14396
8.13025
8.11333
8.10527
8.09142
8.07379
8.05347
8.03086
8.00631
7.98
7.95212
7.92295
7.89262
7.89185
8.00867
8.17167
8.31961
8.43082
8.51832
8.5839
8.66564
8.75522
8.82497
8.87659
8.9131
8.94498
9.03888
9.15637
9.24152
9.30475
9.34965
9.45267
9.69471
10.0417
10.381
10.6649
10.9021
11.093
11.2433
11.3646
11.4626
11.5337
11.583
11.749
11.9005
12.0211
12.113
12.1902
12.2871
12.3906
12.4735
12.539
12.6267
12.6968
12.7507
12.7973
12.8857
13.0783
13.2815
13.4546
13.5877
13.6886
13.7629
13.8144
13.8478
13.8646
13.8697
13.8651
13.8896
14.0257
14.2648
14.5181
14.7563
15.038
15.2659
15.4812
15.6558
15.7948
15.9008
15.9787
16.0321
16.0645
16.0971
16.1142
16.1266
16.2332
16.3253
16.3937
16.4403
16.4683
16.5203
16.6028
16.6714
16.7192
16.7511
16.7692
16.8514
16.9478
17.0386
17.1483
17.2359
17.3077
17.3593
17.3916
17.4059
17.4059
17.3926
17.3692
17.3368
17.2973
17.262
17.278
17.2828
17.2752
17.2559
17.263
17.2582
17.2421
17.2171
17.1846
17.1634
17.1332
17.0959
17.0528
17.0048
16.9549
16.8998
16.9594
17.0547
17.1365
17.1951
17.2358
17.2601
17.2694
17.303
17.3597
17.3991
17.4234
17.4348
17.4533
17.4877
17.5169
17.5305
17.5298
17.5171
17.4944
17.4628
17.424
17.379
17.3289
17.2746
17.2189
17.1589
17.096
17.0304
16.9626
16.9306
16.8947
16.8517
16.8027
16.7496
16.6932
16.6339
16.572
16.5081
16.4423
16.375
16.3063
16.2365
16.1658
16.0942
16.0219
15.9491
15.8758
15.8022
15.7283
15.6542
15.5799
15.5099
15.4443
15.3772
15.3091
15.2403
15.171
15.1013
15.0312
14.9609
14.8904
14.8198
14.7491
14.6784
14.6077
14.5371
14.4665
14.396
14.3257
14.2556
14.1857
14.1159
14.0464
13.9771
13.908
13.8392
13.7707
13.7024
13.6344
13.5667
13.4992
13.4321
13.3653
13.2987
