0.5
5.10365
8.65052
11.2935
13.196
14.4956
15.3077
15.7289
15.8398
15.7075
15.3875
14.9259
14.3602
13.7213
13.0343
12.3191
11.5919
10.8655
10.1496
9.45018
8.77351
8.12769
7.51239
6.92659
6.37286
5.8522
5.36482
4.91039
4.48809
4.09683
3.73528
3.40197
3.0961
2.81504
2.55727
2.32123
2.10541
1.90846
1.72886
1.56524
1.41628
1.29068
1.17298
1.06517
0.966509
0.87628
0.793981
0.736396
0.688892
0.65705
0.620341
0.583292
0.546601
0.510625
0.475649
0.441968
0.409728
0.37899
0.349819
0.322303
0.2965
0.272307
0.249735
0.228731
0.209256
0.1912
0.174538
0.262825
0.32072
0.360825
0.387305
0.403045
0.410309
0.410534
0.405389
0.395945
0.387734
0.373049
0.356611
0.338914
0.366953
0.378485
0.381971
0.492039
0.559658
0.602644
0.628075
0.639291
0.639239
0.630597
1.13544
1.49099
1.7306
1.87711
1.96552
2.00847
2.01422
1.99102
1.9451
1.8838
2.1282
2.49248
2.69981
2.80107
2.99737
3.06777
3.06516
3.02098
2.94652
3.46368
3.79733
3.95779
4.0006
3.97565
4.18832
4.24711
4.35626
4.32639
4.23369
4.0911
3.92278
3.7368
3.5402
3.46476
3.48815
3.46944
3.36647
3.22914
3.07333
2.91126
2.97532
3.61335
4.03527
4.29821
4.40375
4.4136
4.33576
4.19767
4.0886
4.04474
4.22498
4.2568
4.19398
4.18299
5.09223
5.76803
6.61766
7.32492
7.67826
7.8011
7.93679
8.91044
9.51069
9.74945
9.75313
10.504
10.9619
11.1703
11.0911
10.8089
10.3704
10.0687
10.2595
10.7755
11.4412
11.7229
11.7159
11.4645
11.0773
11.1004
11.2895
11.6875
12.0201
11.9879
11.8007
11.4158
12.4309
14.4392
15.2611
15.6258
15.5976
15.3093
14.84
14.2213
13.5088
13.0349
12.4009
11.6769
10.8911
10.5555
11.2284
12.1919
12.6264
12.8049
12.7519
12.4444
11.9901
12.3262
14.9601
18.3195
20.7978
22.2807
23.0182
23.2174
22.9487
22.3019
21.3951
20.3316
21.4748
22.8988
23.6459
23.8033
23.4475
22.7497
24.55
28.0713
31.2455
33.8341
35.4718
36.1855
36.0461
35.4202
34.3415
33.1907
32.9086
32.2895
31.316
30.0261
28.5362
26.9159
25.2449
23.5867
21.9291
20.327
18.7709
17.2933
15.8935
16.4349
17.008
17.1742
17.0387
16.6444
16.2145
15.6116
15.0574
16.8058
18.1942
18.9355
19.1272
18.9636
18.511
18.0843
17.4535
17.1915
16.7172
16.1028
15.3834
14.7629
14.0361
13.26
12.4656
11.6723
10.8896
10.1298
9.39764
8.69747
8.48069
8.17274
7.79854
7.40114
7.06106
6.67291
6.27906
5.8864
5.50033
5.12704
4.76838
4.42377
4.09482
3.7838
3.49017
3.21377
2.95468
2.7131
2.88527
3.61879
4.12099
4.64746
5.25364
6.13451
7.02371
7.57527
8.02109
8.34447
8.43437
8.39797
8.25394
8.00666
7.69825
7.3392
6.9566
6.56414
6.16715
6.52148
7.00342
7.23983
7.32858
7.29243
7.15079
6.93039
6.65697
6.3412
6.01151
5.67433
5.33607
5.00143
4.67472
4.52796
4.37247
4.16973
3.95261
3.73033
3.50783
3.28699
3.07097
2.86178
2.66061
2.46811
2.28503
2.1356
2.068
1.97659
1.87925
1.77743
1.67444
1.57187
1.47099
1.37275
1.27791
1.18688
1.10004
1.01761
0.93971
0.866372
0.797568
0.733212
0.673183
0.617329
0.565476
0.517435
0.47301
0.432
0.394201
0.359415
0.327443
0.298097
0.271191
0.246551
0.224008
0.203405
0.184591
0.167427
0.151779
0.137515
0.124531
0.112722
0.101986
0.092233
0.0833774
0.0753465
0.0680645
0.0614648
0.0554869
0.050074
0.045175
0.040743
0.036735
0.0331114
0.0298365
0.0268791
0.0242089
0.0217995
0.0196246
0.0176622
0.0158921
0.0142961
0.0128574
0.0115609
0.0103929
0.00934095
0.00839376
0.00754111
0.00677377
0.00608336
0.00546232
0.00490383
0.00440154
0.00395003
0.00354415
0.00317949
0.00285188
0.00255765
0.00229336
0.0020559
0.0453132
0.129805
0.202394
0.248555
0.280241
0.301269
0.433724
0.734134
0.934142
1.07986
1.18098
1.24568
1.28089
1.2808
1.26444
1.35213
1.55103
1.65802
1.7805
1.89104
1.99117
2.01585
1.99452
2.01091
2.01582
1.97067
1.90697
1.83133
1.74744
1.65834
1.56635
1.47336
1.38097
1.29019
1.42099
1.76249
2.27033
2.59198
2.79986
2.98218
3.37783
4.0659
4.503
4.77202
4.98596
5.02801
5.13531
5.10234
5.08263
5.24542
5.26121
5.18797
5.13517
5.19886
5.13895
5.02462
4.93735
4.91068
4.7881
4.62525
4.42399
4.1968
3.95413
3.70558
3.44826
3.19941
2.96104
2.73441
2.52091
2.31907
2.12941
1.95202
1.78663
1.63284
1.49041
1.35869
1.23711
1.37882
1.44538
1.46143
1.45348
1.4258
1.38418
1.33234
1.27274
2.01728
2.575
4.78987
6.25279
7.87111
9.26212
9.9983
10.3478
10.942
11.7665
12.024
12.0157
11.7863
11.399
10.8784
10.2994
9.95481
9.47415
8.91718
8.31711
7.73311
7.17177
6.63625
6.12839
5.82781
5.46239
5.57237
5.53791
5.41073
5.19038
4.93491
4.66431
4.5663
4.36918
4.29827
4.39745
4.46487
4.37912
4.2246
4.17575
4.01927
3.8189
3.6107
3.39878
3.18827
2.9798
2.77579
2.5764
2.38417
2.20078
2.02613
1.86136
1.70638
1.83967
1.88045
1.95646
1.93793
1.87627
1.79967
1.94599
1.98283
3.52498
5.47719
6.996
8.89389
10.5133
12.5151
13.6407
13.9543
13.9849
13.7151
13.2165
12.5401
11.765
11.0871
10.2664
9.63349
9.59459
9.4222
9.09786
8.63088
8.76277
9.29589
9.84497
9.93277
10.5878
10.7124
10.6334
10.3422
10.1473
9.732
9.41111
10.6327
11.45
11.6577
11.6675
12.0971
13.2929
13.8493
13.8354
13.9213
14.2443
15.0548
15.7984
15.7227
15.8081
16.4272
16.5242
16.8139
16.4571
16.1785
15.5814
14.8197
14.1486
13.8452
13.3469
12.7359
12.0496
11.3198
10.8498
11.4918
12.5055
12.6864
12.6076
12.3258
11.8977
11.3423
11.1457
10.7427
10.2638
9.71842
9.12135
9.42873
9.49434
9.37203
9.10025
8.7231
8.28254
7.81924
7.48428
7.21561
6.83039
6.60569
6.26991
5.9134
5.54552
5.16934
4.99466
4.97158
4.94033
5.06128
5.15123
5.36607
5.61126
5.62041
5.55249
5.99149
6.10335
6.09544
5.98716
5.92103
6.29833
7.29199
8.0152
8.58301
9.25738
9.41203
9.41367
9.56247
9.94292
10.2679
10.4363
10.2644
9.99856
9.63261
9.19029
8.70555
8.18257
7.64622
7.12099
6.6049
6.23289
6.02905
5.72723
5.4092
5.07066
4.72946
4.39168
4.05922
3.7382
3.42745
3.13216
2.85917
2.60677
2.37452
2.16103
1.96529
1.78607
1.62205
1.47189
1.33432
1.20893
1.09466
0.990779
0.896383
0.810551
0.732589
0.6618
0.597457
0.539111
0.486302
0.438542
0.395324
0.356235
0.320934
0.289013
0.260174
0.234132
0.210627
0.189415
0.170302
0.153083
0.137577
0.123616
0.11105
0.0997417
0.089568
0.0804173
0.0721885
0.0647905
0.0581407
0.0521647
0.0467954
0.0419741
0.0376433
0.0368369
0.0347123
0.0494122
0.0550754
0.0586379
0.0606229
0.0613964
0.0612083
0.0602691
0.0587382
0.0900728
0.130074
0.145988
0.156192
0.161967
0.163691
0.231867
0.290116
0.357719
0.380183
0.392105
0.395144
0.391304
0.382231
0.369275
0.354154
0.337641
0.32028
0.302451
0.284495
0.266734
0.249289
0.232335
0.216014
0.200372
0.185485
0.171382
0.158069
0.145561
0.13384
0.12289
0.112689
0.10321
0.12152
0.142513
0.146747
0.147976
0.156954
0.166681
0.163826
0.159395
0.161742
0.155099
0.177213
0.234957
0.25594
0.290853
0.382045
0.552067
0.763778
0.93471
0.999584
1.03594
1.0496
1.04542
1.02743
0.994153
1.00966
0.977295
1.00038
0.974012
0.935744
0.888509
0.835713
0.779502
0.724628
0.67172
0.621303
0.573514
0.528423
0.485821
0.445686
0.408195
0.373274
0.340911
0.310819
0.31879
0.43194
0.533227
0.709997
0.884338
0.948056
0.971788
0.958059
0.916748
0.870608
0.821768
0.770727
0.72032
0.908119
1.10726
1.26951
1.45417
1.50471
1.52317
1.50064
1.44891
1.61244
1.99524
2.18887
2.30986
2.35557
2.3552
2.30002
2.21439
2.1029
1.97355
2.15398
2.20885
2.20061
2.14184
2.04149
1.9138
2.09413
2.82021
3.74408
4.15527
4.4068
4.4849
4.42276
4.45884
4.30896
4.08214
4.11935
4.00233
3.81746
4.17946
4.37432
4.70407
4.77745
4.73085
4.93001
4.92447
4.85711
4.69315
4.46259
4.33926
4.8106
5.49298
5.67498
5.66621
5.55488
5.33052
5.05624
4.75742
4.42723
4.08306
3.74495
3.40876
3.10071
2.93838
2.70681
2.46974
2.33631
2.44389
2.43327
2.38297
2.2904
2.16742
2.34339
2.72692
3.99145
4.51004
4.80877
5.31952
5.47193
5.52097
5.45301
5.31984
5.14219
4.90688
4.63414
4.32842
4.65765
5.04964
5.10681
5.03588
4.86356
4.59399
4.30087
4.01048
3.87023
3.86873
4.2931
5.37379
5.94514
6.09546
6.65787
7.23863
7.29357
7.16719
6.9165
6.56004
7.1516
8.24128
8.72104
8.72005
8.60897
8.3371
7.98054
8.49777
8.72909
8.85711
8.93868
8.66302
8.32656
7.88902
7.37381
6.80753
6.23751
5.68023
5.15055
4.8486
4.77672
4.73402
4.5116
4.25608
3.99302
3.69174
3.37669
3.41498
3.3419
3.18573
3.403
3.94047
4.76366
6.55525
9.67506
12.3822
14.2472
15.3888
15.9482
16.0725
15.9267
17.1738
18.1116
18.5226
18.5412
18.8403
19.0599
18.8912
18.4783
17.8585
17.7508
17.397
16.8521
16.1447
15.6807
16.4126
17.8296
19.499
20.5481
21.0483
21.1058
20.8761
20.3514
19.6117
18.7329
17.7555
17.1417
16.3909
15.8284
17.186
19.0995
21.3808
25.0179
29.1971
32.4132
34.4649
35.3891
35.5618
35.1762
34.3386
33.479
33.2726
32.6993
31.7848
30.5704
29.1463
27.6168
26.0417
24.4263
22.8117
21.2325
19.8189
18.4275
17.1645
15.928
14.75
13.6285
12.5581
11.5478
10.5935
9.70101
8.87166
8.10336
7.39417
6.74129
6.13915
5.58427
5.07455
4.60652
4.19221
3.83121
3.50392
3.34246
3.38787
3.85413
4.14882
4.31191
4.37515
4.49688
4.66217
4.82436
5.18737
5.45126
5.68284
5.75954
5.73619
5.63755
5.47837
5.311
5.08985
4.84569
4.5915
4.33274
4.11702
3.88121
3.64387
3.41083
3.18412
2.96272
2.75035
2.54806
2.35626
2.17517
2.00476
1.845
1.69563
1.55634
1.42682
1.3067
1.66565
1.91037
2.07418
2.17456
2.2213
2.22777
2.20442
2.21964
2.22019
2.61471
2.91068
3.07673
3.16306
3.18276
3.15618
3.09477
3.28965
3.41653
3.44682
3.42507
3.36284
3.2697
3.15357
3.02097
2.87749
2.7278
2.57516
2.42209
2.27075
2.12267
1.97904
1.84079
1.70862
1.58279
1.51414
1.43476
1.35365
1.27254
1.2131
1.14607
1.0786
1.01164
0.945925
0.882131
0.820667
0.761821
0.705787
0.652693
0.67078
0.795604
0.873497
0.921594
0.946932
0.954939
0.948823
0.931724
0.906258
0.874514
0.838282
0.798964
0.757738
0.71552
0.673049
0.631082
0.589894
0.549914
0.710848
0.847037
0.98033
1.05953
1.13525
1.16861
1.17981
1.2907
1.34801
1.41205
1.43165
1.46381
1.45879
1.45125
1.61977
1.74753
1.80748
1.82924
1.82133
1.78966
1.74198
1.68205
1.61288
1.53793
1.4589
1.43028
1.38104
1.32385
1.2615
1.19621
1.12922
1.06178
0.995161
1.65094
2.12709
2.61609
3.23786
3.94809
4.55182
5.09868
5.41507
5.57874
5.62091
5.55789
5.42539
5.68406
5.87691
5.90708
5.81039
5.65389
5.45641
5.2273
4.97693
4.71439
4.47263
4.20384
3.93603
3.67305
3.41829
3.80287
4.22305
4.45029
4.9154
5.38689
6.3987
7.08287
7.51401
8.39064
8.93284
9.1996
9.24253
9.57506
9.9466
10.6886
11.4588
11.99
12.4907
12.6627
12.5711
12.2841
11.8611
11.3293
10.7221
10.0821
9.42548
8.78153
8.15921
7.56562
9.19833
12.024
14.0016
15.2264
15.8795
16.0679
15.9299
16.0747
16.1052
15.8274
15.3528
14.7702
14.0545
13.7965
13.7183
13.4112
12.9607
12.3845
11.7166
11.0343
10.3554
9.68208
9.02362
8.60886
8.13023
7.63264
7.13924
6.65667
6.19022
5.74142
5.31139
4.9036
4.5177
4.73974
7.19011
10.2549
12.6942
14.1632
15.0195
15.3655
15.9877
16.6965
16.9524
16.838
16.452
16.0253
16.8393
18.021
18.458
18.4329
18.0654
18.8585
22.2348
27.2573
31.5888
34.3929
36.0044
36.568
36.3062
35.5335
34.4159
32.9194
31.1836
31.8887
32.2508
31.9945
31.2275
30.2769
29.8212
29.5526
28.9309
28.0552
27.7113
27.0772
26.2138
25.3137
25.3234
27.3388
29.3415
30.5576
30.8854
30.569
29.7898
28.6691
27.3369
25.8423
24.2976
22.7443
21.9254
23.3453
26.5872
29.7517
32.2873
35.3875
37.1256
38.4475
38.8552
38.5513
37.6643
36.3494
34.723
32.8876
31.2697
29.5436
27.928
28.306
28.3723
27.984
27.2311
26.2102
25.7709
25.9718
25.8919
25.4288
24.7166
23.8266
24.2691
24.9417
25.4382
26.2478
26.5511
26.526
26.1227
25.4018
24.4216
23.2802
22.0166
20.7028
19.366
18.0437
16.9482
16.961
16.7584
16.3418
15.7485
15.7259
15.4799
15.0452
14.4895
13.85
13.4972
13.0107
12.4419
11.8225
11.1774
10.5654
9.91955
11.5403
13.6648
15.2954
16.303
16.8549
17.0345
16.909
17.262
18.0228
18.3695
18.3894
18.1626
18.0994
18.3506
18.4752
18.2907
17.8538
17.2366
16.4975
15.6713
14.7989
13.9056
13.0118
12.1349
11.3277
10.5245
9.75194
9.01156
8.30763
8.36462
8.33838
8.17321
7.91007
7.59289
7.24312
6.87298
6.49199
6.1081
5.72671
5.35331
4.99068
4.64172
4.30787
3.98975
3.68792
3.40337
3.13591
2.8856
2.65181
2.43377
2.23097
2.12627
2.1107
2.06065
1.99178
1.91183
1.82436
1.73228
1.63779
1.54259
1.44776
1.35461
1.264
1.1766
1.09285
1.013
0.937216
0.865558
0.798168
0.734967
0.675851
0.620722
0.569409
0.521754
0.477581
0.436731
0.399012
0.364239
0.332228
0.302799
0.275777
0.250998
0.228295
0.20752
