0
0.64422
0.17226
0.09315
0.05562
0.03483
0.02241
0.01485
0.00972
0.00648
0.00432
0.00297
0.00216
0.00135
0.00108
0.000648
0.000432
0.000324
0.000216
0.000108
0
0
0.128844
0.034452
0.01863
0.011124
0.006966
0.004482
0.00297
0.001944
0.001296
1.2893
0.345114
0.186732
0.11151
0.069876
0.302638
0.0986904
0.0567648
0.0352512
0.0225936
0.405816
0.114787
0.191955
0.0729542
0.0427888
0.0267744
0.540412
0.542099
0.97127
0.702553
0.539638
0.234076
0.140149
0.0884354
0.0572617
0.0376135
0.0250122
0.0168035
0.0113333
0.00787631
0.00532898
0.390264
0.363545
0.126512
0.0717632
0.688061
2.12386
1.5275
1.10215
0.863454
0.902727
0.758771
0.327036
0.197183
0.382717
1.43926
0.693576
0.3139
0.31571
1.22552
0.381628
0.989665
3.28263
0.983422
0.547321
0.332357
0.21028
0.136285
0.992379
14.177
3.88075
2.11096
1.26549
1.05225
1.35375
1.09911
0.494134
1.33412
1.62942
10.1656
9.92167
3.60217
2.01575
9.68613
3.04399
1.7348
1.06774
0.679704
29.8274
8.15217
4.83339
2.77321
1.73469
13.0614
6.12527
6.24229
2.59472
1.54837
0.977571
1.15853
2.22951
0.806967
4.83392
7.7185
3.91788
1.78865
1.06855
1.56772
0.672313
11.5504
30.0494
11.0129
5.75993
3.87645
3.27275
1.70865
1.34771
3.24252
7.76568
13.0526
5.90417
3.99978
8.83508
58.3403
19.9115
26.4206
16.5467
7.77266
4.72459
10.6491
69.9554
20.0339
11.0561
6.68768
64.4445
23.6034
11.8128
7.08353
4.46656
2.88915
10.9167
35.484
39.0715
39.6091
14.6923
8.52644
5.66479
5.56572
22.6573
23.1218
30.874
20.0971
9.36118
5.36631
6.46336
103.761
218.969
66.6258
36.9926
22.3994
14.2708
9.21444
7.11355
6.59909
15.4964
5.44325
3.25009
2.97525
22.5399
84.7848
58.1403
23.1647
15.268
8.8205
5.51467
3.57224
55.4068
411.968
276.957
105.978
61.0413
37.6152
24.0187
15.738
10.356
6.86345
4.58346
211.168
103.272
44.343
25.7639
15.9713
10.3344
344.527
700.931
231.564
219.215
101.587
61.2274
42.523
27.053
17.3484
26.2419
79.6546
25.6138
14.7484
9.22626
6.5094
3.96606
2.65571
1.77052
3.22149
1.2606
0.715641
0.465759
0.287336
81.5753
35.9071
15.6006
9.11357
5.6498
11.164
4.39055
10.2322
172.018
47.1971
25.7237
15.4535
9.69542
7.56004
16.0913
9.09859
22.6264
7.59618
4.40159
3.92068
8.03863
2.95236
1.73302
1.08624
0.712356
0.470291
0.304261
0.834327
0.296024
11.4945
3.65433
1.84888
1.10034
3.07126
1.07804
0.634281
0.395991
2.31706
4.32595
1.37462
0.77696
1.37488
0.544379
0.326978
0.208441
1.68119
0.502957
9.12342
21.2377
6.64691
10.2394
13.0056
24.1339
21.0028
8.01986
9.54629
7.54729
4.491
3.30661
1.75549
1.10889
0.729112
0.482092
0.456232
0.513584
0.75307
22.413
16.2395
7.69772
3.89644
2.35879
1.48976
0.969951
0.63673
0.420806
0.279764
0.189579
0.133871
0.991251
0.305907
3.92837
1.97813
0.843613
0.881323
0.538889
0.541445
0.247005
0.15199
0.0976822
0.0642575
0.0427869
0.287563
0.634841
3.10699
1.91934
1.02126
0.512067
0.311353
0.197418
0.128381
0.470749
0.159205
0.0931488
0.0587056
0.0387109
0.0253627
0.0175343
0.0115228
0.00766919
0.00523219
0.00354039
0.00225899
0.0010692
0.0006912
0.0003888
0.0002592
0.0001944
0.0001296
6.48e-05
0
0
0
0
0
0
0
0
0
0
0
0
0
0
0
0.128844
0.034452
0.01863
0.011124
0.006966
0.004482
0.00297
0.001944
0.001296
1.03162
0.27621
0.149472
0.089262
0.055944
0.0359856
0.0238464
0.0156168
0.0104112
0.0069336
0.004752
0.003456
0.00216
0.001728
0.129881
0.0351432
0.0191484
0.0114696
0.0071388
0.004482
0.00297
0.001944
0.001296
0.000864
0.794964
1.18838
0.518537
0.247974
0.147915
0.09277
2.41177
5.44254
1.64266
0.910655
0.550978
0.348046
0.225881
0.278232
0.261718
2.88002
4.8761
2.56553
1.848
1.75214
1.65375
0.699352
0.808768
1.20379
1.7022
0.602224
0.35012
0.218112
0.140518
0.0928965
0.0616385
0.0410993
0.0277034
0.018732
5.31268
9.60869
13.5501
4.47628
2.78423
2.18582
11.4277
21.0348
6.66025
3.74071
2.77125
2.09559
3.8878
2.12032
2.07798
8.80363
2.67339
1.50661
2.39483
5.9265
2.43356
1.23094
3.08134
4.89665
1.66103
0.954163
0.588309
0.375009
0.247323
0.163874
0.109284
0.0728184
0.307576
0.617758
0.197266
0.111965
0.0693057
0.0432146
0.0276744
0.0184602
0.0120324
0.00754852
0.262332
8.46118
2.2827
1.23676
0.739339
0.463211
0.555926
0.266514
0.166642
37.6077
10.4849
163.109
45.7096
71.2859
54.115
23.2802
14.7172
35.0489
49.9087
17.5229
10.16
6.31731
4.1035
2.79441
1.85966
14.4433
5.77071
2.84812
1.72292
1.08883
0.690125
1.49206
1.21269
6.41337
1.89038
22.6587
7.57443
3.96082
2.32843
1.45874
0.938174
10.3335
3.13414
6.82711
11.3967
5.5232
2.76512
3.42477
6.24632
2.18989
1.66319
0.899723
1.34268
0.574516
0.357368
0.22951
0.150896
0.102048
0.0685552
2.23649
1.3888
0.544486
13.4372
4.86163
11.9882
3.96391
2.38755
1.42182
12.3528
4.80761
127.323
116.194
72.2639
171.03
153.701
318.024
152.039
71.7113
42.9562
27.0868
17.5227
11.6042
7.66458
9.40084
6.17236
7.66781
48.5042
14.9263
8.89325
7.41622
44.0751
49.9632
31.0421
13.8666
66.4675
21.3064
12.4003
9.87704
8.77467
4.59042
7.67551
155.153
67.1195
32.2247
19.8152
55.7725
155.808
65.202
32.9571
35.0399
59.6873
130.353
126.855
46.9457
45.0173
122.417
49.0172
80.5179
30.3051
31.2143
14.7578
9.19089
9.5395
34.9736
11.1524
6.39911
4.22275
2.60868
11.2151
99.5113
116.025
38.7662
21.8782
13.3498
8.46583
7.57185
22.4913
8.10328
4.55941
2.97758
3.18791
55.7259
15.4985
8.50508
5.1114
3.35136
2.37974
2.88711
4.63191
6.20505
2.98569
5.55848
2.01641
1.1724
0.745286
1.37396
6.26259
9.34011
5.16628
12.3262
6.07325
13.2055
10.7158
6.30516
4.33367
27.3529
8.09175
4.51979
2.75064
2.91457
26.9574
63.9248
33.6094
25.5079
41.8958
16.3426
9.9013
16.626
33.7771
28.693
17.5195
9.13959
5.24782
3.31029
2.1621
1.42512
1.07114
1.44568
0.782276
0.574809
3.82205
9.58107
3.15418
1.6767
1.0125
0.638669
0.411401
0.26797
0.174163
0.115255
0.850509
0.260431
0.149525
0.0918085
0.0604354
0.038397
0.0255633
0.79034
0.218034
0.118465
0.0703512
0.044388
0.415044
0.122472
0.0683316
0.0416664
0.0264708
0.0172692
0.0116316
0.007452
0.005184
0.261058
0.844268
0.245657
0.135097
0.0814536
0.0511488
0.0330912
0.0219024
0.0143856
0.0095688
0.006372
0.004428
0.003132
0.002052
0.0015552
0.0009504
0.000648
0.0004752
0.0003024
0.0001296
0.386532
0.103356
0.05589
0.291366
0.476416
0.807089
1.29243
0.423186
0.239177
0.146281
0.221871
0.0950831
0.316358
1.68909
1.29234
0.483402
0.278622
0.429706
0.694087
3.00245
1.80323
2.51949
1.16394
0.593652
0.362686
0.231238
0.150424
0.0995363
0.0658839
0.173262
0.0649931
0.0391108
0.412206
0.119719
0.0670247
0.298477
0.094676
0.182687
0.196201
0.0738256
0.171925
0.061344
0.035964
0.0225936
0.0145044
0.267311
1.90349
1.57383
0.955096
0.943341
1.16805
1.35019
1.01859
0.431996
1.03247
0.756049
1.51677
2.96002
1.46444
1.70805
4.08557
6.23277
5.98373
2.93549
1.47529
0.89826
0.570992
0.372404
0.245983
0.162893
2.58422
2.2822
5.1224
1.88022
0.982191
0.723433
0.410595
0.262258
0.172099
0.11243
0.0742959
0.0499416
0.291553
0.0931937
0.0530798
0.0338052
0.0214025
0.0139839
0.00942462
2.2503
6.37945
2.96274
7.75308
4.94003
2.06792
1.2204
0.763744
0.490783
0.322929
0.213462
0.271889
0.517772
13.6964
5.52525
3.63656
6.83828
3.4649
1.69288
1.29223
0.982221
11.5768
18.8802
7.14791
3.79774
2.63103
1.6486
1.00845
0.65662
0.43235
0.28685
17.8711
4.859
2.64686
1.58756
0.999065
0.642403
18.3443
48.5466
36.5228
15.0298
8.31289
5.11082
3.25862
7.13733
2.99967
4.17014
11.9281
4.18209
3.17278
34.6862
9.86007
16.6508
6.67075
5.7315
17.8069
7.08351
3.6587
2.23637
1.93493
6.12707
42.5694
41.0876
14.3805
9.33699
5.32624
3.36208
2.18478
1.43954
0.945205
1.40323
1.14843
3.38313
1.10129
8.68672
2.54922
2.05886
6.95904
19.9821
8.97477
4.77734
2.7514
1.66213
16.8376
19.7485
96.7603
28.0202
16.4263
22.6929
11.8377
6.65112
5.0062
3.00024
2.02127
1.28412
0.857249
2.2688
39.9534
18.6352
8.02883
4.69546
5.49905
4.61934
5.36835
4.23788
5.90566
11.9778
34.2284
79.9669
27.38
14.5024
47.0332
41.0352
15.8587
9.57202
5.86858
3.76434
82.3111
115.551
41.4629
24.1618
14.7322
8.98627
5.80504
78.3331
24.535
22.2672
22.4239
12.3975
6.54495
4.10591
2.64798
1.72904
1.1493
0.777989
0.534657
11.3024
19.6369
10.873
4.82469
5.51351
2.47167
2.15688
3.71083
27.4821
8.71286
8.02081
23.0985
35.3331
46.6555
206.15
361.768
113.802
63.6355
38.6742
24.482
16.0302
10.5501
157.357
44.9897
25.3027
17.0964
44.1381
28.2493
12.9315
8.05616
4.96682
37.6088
12.4823
6.69175
4.01751
14.3133
87.5764
107.283
107.223
39.3022
22.6541
14.6213
9.13399
5.93917
3.92733
2.58964
3.15619
16.1665
5.31422
12.5611
139.91
122.443
156.02
471.799
506.081
177.14
100.987
62.0062
39.506
25.7895
17.0507
25.9256
66.1954
21.9042
12.773
7.97876
5.16889
3.69167
2.30365
1.51523
1.26991
0.709011
2.80783
1.78583
3.26607
2.28925
1.85659
0.807836
0.489383
0.308315
0.195748
0.122425
0.339154
0.123845
0.589504
0.186031
0.105836
0.0657428
0.0420285
0.027443
0.546312
0.828276
1.04675
3.68913
6.15717
12.8161
4.00186
2.23875
1.48994
3.38028
4.1502
4.36936
10.0783
5.21998
5.20643
2.16978
1.29954
0.818466
0.533703
0.674823
0.320016
0.202805
0.520049
0.192828
0.881787
0.280129
0.158841
0.0982653
0.0624879
0.0402584
0.0261923
0.0161476
0.0105273
0.00677135
0.00456747
0.00338567
0.00210668
0.00160071
0.000966518
0.000644345
8.8379
2.36333
1.27797
0.762999
0.4778
0.307422
0.203713
1.2285
1.22006
9.5066
3.26512
1.88598
1.03802
0.64706
0.413931
0.272818
5.66033
1.91769
0.961
0.574699
0.363449
0.233291
0.156773
0.102113
0.0680358
0.0457738
0.031145
0.0217553
0.012785
0.00992852
0.134915
0.553838
0.159418
0.0876489
1.27996
0.360618
0.198382
0.1198
0.869129
0.905195
0.319367
0.183003
0.112876
0.0719668
0.047358
0.0315456
0.14953
0.0486145
1.38207
3.62408
1.3324
0.791338
1.58968
0.705423
0.373376
0.36019
0.182206
0.24389
0.109592
0.0687992
0.045111
0.0296211
0.0204738
0.0136646
0.00902339
0.26418
3.59263
1.68366
1.6262
0.920167
1.03155
0.821315
1.39751
3.17847
1.65181
1.98258
1.03136
1.50724
0.586141
1.01024
4.55649
2.57664
1.2092
0.669831
0.414818
0.265451
0.690416
0.252828
0.151349
0.0956322
0.191745
2.36052
0.657033
0.360555
0.216654
0.13615
0.0880573
0.0585254
0.0380078
16.257
4.35679
5.74844
10.7759
12.2684
8.64059
8.5515
3.61432
2.11004
1.32547
1.24506
0.670402
13.3168
8.25702
3.26476
1.89688
1.17758
0.755201
0.494839
0.325189
0.215367
1.18884
0.50444
0.252785
0.152339
0.0990275
16.1815
9.5113
3.86731
12.1447
10.8145
34.9139
10.8983
8.59387
31.1727
10.8938
5.88065
4.121
17.2435
14.442
33.0485
25.6898
13.6193
18.9217
7.41092
4.40684
2.77538
1.80198
1.17941
0.786444
0.52336
0.361417
0.240866
0.809035
0.931096
125.96
190.554
66.4109
35.2488
21.2706
13.5392
9.38131
30.9445
15.6263
7.80688
6.6278
3.94279
2.38452
26.2821
22.3443
9.21113
4.99177
3.07082
2.3418
4.19124
1.8855
1.04903
0.659908
9.4559
2.7056
1.49838
0.909502
1.73498
0.680877
0.415148
0.650663
0.78923
0.81841
19.4796
191.408
214.162
136.556
57.8147
34.065
22.1602
54.7145
51.2787
20.2664
12.6742
7.76569
11.4093
113.249
96.206
34.8465
19.9637
12.4163
125.312
1056.4
1086.18
374.209
214.257
129.857
82.4151
53.7339
37.8755
24.0494
15.959
14.2739
195.11
55.6795
30.8965
18.8044
18.4501
51.4405
44.1368
17.2448
11.3556
43.7658
16.8288
9.0078
14.2821
59.7735
221.591
126.525
52.1756
30.4507
19.5373
12.2726
8.04654
5.29061
4.42168
2.59036
1.86119
29.8793
185.376
422.259
316.005
238.627
548.697
190.555
181.993
85.0878
52.1897
33.3574
21.8943
14.857
11.0093
17.1128
8.73128
9.01236
134.432
38.6449
20.8514
12.5261
7.84222
43.9228
68.9376
24.4278
13.7806
8.86065
6.03745
81.5651
59.7807
39.309
70.3443
26.4116
18.4644
10.1253
6.7569
4.35283
2.80457
1.85486
1.90711
2.04267
0.949531
7.67104
44.9439
12.8291
6.98815
4.58419
27.5882
8.39559
4.74375
2.89351
1.84149
12.0857
4.61602
2.35447
1.42583
1.04352
2.52022
1.05291
105.83
91.4053
36.3286
19.4155
12.1973
7.96908
5.29655
33.4364
47.8082
15.9889
9.6982
6.0164
16.2085
29.248
16.2542
7.28203
4.61663
2.94742
1.85858
1.5947
1.15283
0.656945
0.42276
0.286322
1.36342
0.829787
0.35831
0.209167
0.131397
16.7151
6.32028
3.5692
1.89079
1.16178
0.740904
0.487443
0.319197
0.212451
0.399062
0.165404
0.235403
0.101195
0.0667329
0.0412759
0.026965
0.0185999
0.399015
0.110749
0.0588947
0.035208
0.92394
1.94147
2.01962
0.709964
0.40509
0.635196
0.261942
0.159409
0.101653
0.0661129
0.0436721
0.0295483
0.149001
0.17715
0.448999
0.139588
0.0782975
0.176583
0.193729
0.0725926
0.300091
0.0951804
0.0541836
0.0333828
0.150174
0.048438
0.0278856
0.017334
0.011124
0.0072792
0.133747
0.0377568
0.149591
0.175867
