0
0
0
0
0
0
0
0
0
0
0
0
0
0
0
0
0
0
0
0
0
0
0
0
0
0
0
0
0
0
0
0
0
0
0
0
0
0
0
0
0.0328966
0
0
0
0
0
0.0707372
0.0315153
0.063117
0
0
0
0
0
0
0
0
0
0
0
0
0
0
0
0
0
0.458709
0
0
0
0
0
0
0
0
0.00361448
0
0
0
0.195237
0
0
0.481182
0
0
0
0
0
0
2.40856
0
0
0
0
0
0
0
0
0
1.39009
0.882714
0
0
0.543297
0
0
0
0
2.87591
0
0
0
0
1.0992
0
0.270703
0
0
0
0
0
0
0.434406
0.570853
0.00018156
0
0
0
0
0.936791
3.09715
0
0
0
0
0
0
0.00801061
0.434808
1.25245
0
0
0.218006
5.25052
0
1.47387
0.470506
0
0
0.518681
5.55154
0
0
0
4.95645
0
0
0
0
0
0.653135
2.92768
2.38072
1.96706
0
0
0
0
1.94719
1.46437
2.03674
0.836863
0
0
0
8.536
11.4963
0
0
0
0
0
0
0
0.812395
0
0
0
1.70705
6.13454
2.26904
0
0
0
0
0
4.57925
22.5926
8.06324
0
0
0
0
0
0
0
0
15.7658
2.78
0
0
0
0
22.0097
28.9269
0.87663
5.37624
0
0
0
0
0
1.21043
6.56351
0
0
0
0
0
0
0
0
0
0
0
0
10.0996
1.09104
0
0
0
0.45349
0
0.545389
15.3732
0
0
0
0
0
0.679436
0
2.14947
0
0
0
0.53562
0
0
0
0
0
0
0
0
2.01306
0
0
0
0.164389
0
0
0
0
0
0
0
0
0
0
0
0
0
1.79621
3.07619
0
0.728481
1.22338
2.39536
1.29401
0
0.407391
0.349037
0
0
0
0
0
0
0
0
0
3.58724
1.2504
0
0
0
0
0
0
0
0
0
0
0
0
0.695822
0.0640259
0
0
0
0
0
0
0
0
0
0
0.0694821
0.345429
0
0
0
0
0
0
0
0
0
0
0
0
0
0
0
0
0
0
0
0
0
0
0
0
0
0
0
0
0
0
0
0
0
0
0
0
0
0
0
0
0
0
0
0
0
0
0
0
0
0
0
0
0
0
0
0
0
0
0
0
0
0
0
0
0
0
0
0
0
0
0
0
0
0.19215
0.226041
0.0324664
0
0
0
0.510146
0.91759
0
0
0
0
0
0
0
0.462168
0.665953
0
0.130787
0.164401
0.165428
0
0
0.156613
0.0756724
0
0
0
0
0
0
0
0
0
0.957119
1.17626
1.20437
0
0
0.0231572
1.40277
2.03676
0
0
0.028614
0
0.391633
0
0.0978283
1.16855
0
0
0.126948
0.808242
0
0
0.184054
0.484806
0
0
0
0
0
0
0
0
0
0
0
0
0
0
0
0
0
0
0
1.13453
0
0
0
0
0
0
0
3.99077
0
11.5997
0
2.91507
1.57765
0
0
1.86079
2.7223
0
0
0
0
0
0
0.953469
0
0
0
0
0
0
0
0.592989
0
2.10641
0
0
0
0
0
0.529527
0
0.413156
0.968545
0.108632
0
0
0.326889
0
0
0
0
0
0
0
0
0
0
0
0
0
1.2191
0
0.156245
0
0
0
0.880077
0
9.26681
4.58424
1.73092
7.111
4.7233
11.6811
2.13979
0
0
0
0
0
0
0.000335037
0
0.123197
3.08348
0
0
0
2.73806
2.35212
0.907466
0
3.78131
0
0
0
0.0837586
0
0.22688
10.6483
1.30523
0
0
2.81011
7.76662
0.723335
0
0.749681
2.54312
6.11009
4.28824
0
0.913288
5.59931
0.350029
3.07381
0
0.633697
0
0
0.165797
2.21007
0
0
0
0
0.825837
6.93133
5.1032
0
0
0
0
0
1.3595
0
0
0
0
4.39335
0
0
0
0
0
0
0.179136
0.408906
0
0.400376
0
0
0
0
0.640642
0.795256
0.159429
1.00082
0.177738
1.02274
0.621006
0
0
2.55105
0
0
0
0.0991737
2.6016
4.50656
1.00469
0.763771
2.13979
0
0
0.819745
2.10882
1.2156
0.44176
0
0
0
0
0
0
0
0
0
0.337769
0.77003
0
0
0
0
0
0
0
0
0
0
0
0
0
0
0
0
0
0
0
0
0
0
0
0
0
0
0
0
0
0
0
0
0
0
0
0
0
0
0
0
0
0
0
0
0
0
0
0
0
0
0
0
0.0126188
0
0.0702928
0
0
0
0
0
0
0
0.136943
0.0701641
0
0
0
0
0.267823
0.0220344
0.111562
0
0
0
0
0
0
0
0
0
0
0
0
0
0
0
0
0
0
0
0
0
0
0
0
0.11237
0.0337644
0
0
0.00674103
0.0202277
0
0
0.00663392
0
0.104802
0.186996
0
0.00428796
0.301245
0.449487
0.34753
0.0294841
0
0
0
0
0
0
0.125981
0
0.141458
0
0
0
0
0
0
0
0
0
0
0
0
0
0
0
0
0.134187
0.497543
0.0345056
0.466804
0.146088
0
0
0
0
0
0
0
0
0.9749
0.110858
0.070526
0.321965
0
0
0
0
0.853363
1.15265
0
0
0
0
0
0
0
0
1.25414
0
0
0
0
0
1.14349
2.88503
1.33491
0
0
0
0
0.202488
0
0
0.750791
0
0
2.42065
0
0.596787
0
0
0.947431
0
0
0
0
0.14891
3.24713
1.97724
0
0
0
0
0
0
0
0
0
0
0
0.264863
0
0
0.108857
1.10535
0
0
0
0
1.08523
1.04083
5.75068
0
0
0.755745
0
0
0
0
0
0
0
0
2.87374
0.456792
0
0
0
0
0
0
0.226359
0.69485
2.29062
4.50718
0.0508518
0
2.27744
1.42741
0
0
0
0
4.85702
4.77247
0.0327007
0
0
0
0
4.50806
0.0143255
0.308181
0.577985
0
0
0
0
0
0
0
0
0.496167
0.916127
0.0832628
0
0
0
0
0
1.24701
0
0
1.25019
1.72684
2.12296
10.0282
13.9209
0
0
0
0
0
0
10.7429
0
0
0
2.7054
1.00547
0
0
0
3.2306
0
0
0
1.32813
7.74837
6.17642
4.89312
0
0
0
0
0
0
0
0
1.7751
0
1.05324
12.6306
5.99245
7.51655
22.993
17.9798
0
0
0
0
0
0
1.4225
5.57324
0
0
0
0
0
0
0
0
0
0.404728
0
0.30621
0
0
0
0
0
0
0
0
0
0
0
0
0
0
0
0.0335927
0.0815472
0.024138
0.631992
0.977595
2.23755
0
0
0
0.479489
0.587035
0.417794
1.42085
0.163582
0.441127
0
0
0
0
0.0436776
0
0
0
0
0.13327
0
0
0
0
0
0
0
0
0
0
0
0
0
0
0
2.14349
0
0
0
0
0
0
0.217325
0.0727558
1.97194
0.0330548
0
0
0
0
0
1.23253
0.0417883
0
0
0
0
0
0
0
0
0
0
0
0
0
0
0
0
0.205974
0
0
0
0.071444
0
0
0
0
0
0
0
0
0
0.294912
0.532666
0
0
0
0
0
0
0
0
0
0
0
0
0
0
0
0
0.88604
0.0736589
0.164955
0
0.0772261
0
0
0.488176
0
0.10344
0
0.111192
0
0.0255258
0.876564
0.0563909
0
0
0
0
0
0
0
0
0
0.203292
0
0
0
0
0
0
0
3.3832
0
0.502653
1.30098
1.24798
0.409356
0.622186
0
0
0
0
0
1.98311
0.204187
0
0
0
0
0
0
0
0.0117853
0
0
0
0
2.9373
0.667432
0
1.47797
0.758717
3.73586
0
0
3.10975
0
0
0
1.89828
1.0915
3.11141
1.55424
0.254932
1.2776
0
0
0
0
0
0
0
0
0
0
0
12.8751
10.4588
0.180964
0
0
0
0
2.24564
0.424349
0
0
0
0
2.42789
1.38066
0
0
0
0
0
0
0
0
0.857278
0
0
0
0
0
0
0
0
0
2.71853
15.3583
9.36521
3.57619
0
0
0
2.95153
2.24658
0
0
0
0.38981
8.68705
4.31986
0
0
0
8.6452
47.25
34.4411
0
0
0
0
0
0
0
0
0
16.6142
0
0
0
0.357685
4.09207
2.59754
0
0
3.90821
0
0
0.762808
6.0008
16.6586
4.14976
0
0
0
0
0
0
0
0
0
3.55737
15.5058
21.9517
10.0599
6.47445
22.9023
0.512128
4.48546
0
0
0
0
0
0
1.04521
0
0.430974
12.6875
0
0
0
0
4.03767
5.167
0.0753999
0
0
0
8.38358
3.38415
1.54772
4.79677
0
0.183107
0
0
0
0
0
0
0
0
0.864621
5.73089
0
0
0
3.23139
0
0
0
0
1.48192
0
0
0
0
0.0400469
0
12.7241
5.23002
0.263062
0
0
0
0
3.56444
3.934
0
0
0
1.62522
2.88813
0.723743
0
0
0
0
0
0
0
0
0
0.0726385
0
0
0
0
3.38046
0.046499
0
0
0
0
0
0
0
0
0
0
0
0
0
0
0
0
0
0
0
0
0.352145
0.419825
0
0
0
0
0
0
0
0
0
0
0
0
0
0
0
0
0
0
0
0
0
0
0
0
0
0
0
0
0
0
0
0
